[1.jpg]
filters=finetune2=1,0.380117,0.210526,0.193684,00000000,0.000000;
moddate=0052a9bf7a86ce01
width=140
height=98
textactive=0
[1zoom.jpg]
filters=finetune2=1,0.456140,0.238596,0.190877,00000000,0.000000;
moddate=008296ac7a86ce01
width=600
height=450
textactive=0
[11zoom.jpg]
filters=finetune2=1,0.368421,0.137544,0.101053,00000000,0.000000;
moddate=8005ec9e2987ce01
width=600
height=450
textactive=0
[11.jpg]
filters=finetune2=1,0.391813,0.123509,0.148772,00000000,0.000000;
moddate=0015f19b2987ce01
width=140
height=98
textactive=0
