[2zoom.jpg]
filters=finetune2=1,0.269006,0.131930,0.157193,00000000,0.000000;
moddate=80c4fba80884ce01
width=600
height=450
textactive=0
[2.jpg]
filters=finetune2=1,0.315789,0.120702,0.115088,00000000,0.000000;
moddate=80e97d7a0884ce01
width=140
height=98
textactive=0
[6zoom.jpg]
filters=finetune2=1,0.152047,0.143158,0.103860,00000000,0.000000;
moddate=80655a270d84ce01
width=600
height=450
textactive=0
