[3zoom.jpg]
filters=finetune2=1,0.304094,0.140351,0.145965,00000000,0.000000;
moddate=003552929e81ce01
width=650
height=488
textactive=0
[1zoom.jpg]
filters=finetune2=1,0.263158,0.039298,0.199298,00000000,0.000000;
moddate=00c027c76282ce01
width=650
height=488
textactive=0
[8zoom.jpg]
filters=finetune2=1,0.374269,0.134737,0.154386,00000000,0.000000;
moddate=008708d54e86ce01
width=600
height=450
textactive=0
[8.jpg]
filters=finetune2=1,0.251462,0.101053,0.106667,00000000,0.000000;
moddate=80b25be04e86ce01
width=140
height=98
textactive=0
