[1.jpg]
filters=finetune2=1,0.257310,0.047719,0.196491,00000000,0.000000;
moddate=803f46317d76ce01
width=210
height=230
textactive=0
[2.jpg]
filters=finetune2=1,0.263158,0.072982,0.129123,00000000,0.000000;
moddate=0096c0167e76ce01
width=210
height=230
textactive=0
[4.jpg]
filters=finetune2=1,0.157895,0.070175,0.115088,00000000,0.000000;
moddate=0063173e7e76ce01
width=210
height=230
textactive=0
[5.jpg]
filters=finetune2=1,0.181287,0.140351,0.098246,00000000,0.000000;
moddate=00aecda57e76ce01
width=210
height=230
textactive=0
